Validating runs/train/exp2/weights/best.pt...
Ultralytics 8.3.162 🚀 Python-3.9.25 torch-2.5.1+cu121 CUDA:0 (NVIDIA GeForce RTX 3090, 24135MiB)
YOLO11-2-DVB-1 summary: 138 layers, 2,471,236 parameters, 0 gradients, 6.2 GFLOPs
                 Class     Images  Instances      Box(P          R      mAP50  mAP50-95): 100%|██████████| 11/11 [00:13<00:00,  1.18s/it]
                   all       1408       5398      0.929      0.932      0.953      0.769
                     1         57        138      0.997      0.999      0.999      0.999
                     2         36        259      0.784      0.623      0.731      0.439
                     3         82        248      0.939      0.981          1      0.825
                     4         51        127      0.764      0.763      0.786      0.501
                     5         39        381      0.948      0.965      0.999      0.851
                     6         38        270      0.919      0.931      0.975      0.669
                     7         39        102      0.795      0.772      0.854      0.668
                     8         36        153      0.839      0.818      0.917      0.395
                     9         23         70      0.864      0.895      0.915      0.623
                    10         38        160      0.861      0.928      0.946      0.731
                    11         99        207      0.992      0.986      0.999      0.757
                    12        104        194      0.913      0.935       0.99      0.961
                    13        122        220      0.939      0.966       0.99      0.924
                    14         95        479       0.96      0.989      0.995      0.763
                    15        117        232      0.978      0.999      0.999      0.989
                    16         90        151      0.999      0.999      0.999      0.992
                    17        104        173      0.958      0.969      0.997      0.894
                    18        101        500      0.983      0.998      0.999       0.84
                    19        106        294      0.894      0.958      0.963      0.662
                    20         34       1040       0.98      0.977      0.999      0.888
Speed: 0.1ms preprocess, 0.4ms inference, 0.0ms loss, 1.5ms postprocess per image
Results saved to runs/train/exp2